29,2
29,1
29,3
33,2
33,1
33,3
34,2
34,1
34,3
30,2
30,1
30,3
32,2
32,1
32,3
31,2
31,1
31,3
0,340
20,2
20,1
20,3
19,2
19,1
19,3
47,65
47,64
47,37
47,36
47,35
47,34
47,33
47,32
47,31
47,30
47,29
47,28
47,27
47,26
47,25
47,24
47,23
47,22
47,21
47,20
47,19
47,18
47,17
47,16
47,15
47,14
47,13
47,12
47,11
47,10
47,9
47,8
47,1
47,7
47,6
0,410
18,2
18,1
18,3
28,2
28,1
28,3
0,0
50,34
50,33
50,32
50,31
50,30
50,29
50,28
50,27
50,26
50,25
50,24
50,23
50,22
50,21
50,20
50,19
50,18
50,17
50,16
50,15
50,14
50,13
50,12
50,11
50,10
